4

0
2.354544106081899e-01 4.337994508536581e-13
2.058683138466477e-01 -1.477607428982915e-12

1
0.1862125918304570157416416403390140459107e0 0.9764816281319679873774249305229520315946e-1
-0.1072304410728876681730809693508213962077e0 0.3613786682564621638063358547975192172327e0

6
-0.124642330068922686696697051245e0 -0.371513097966741708514009191751e0
0.144842608530756020692836473135e0 -0.131713537528360387234611426312e0

7
-0.6166206538725654678148941045331179846475e-1 -0.4209647971559349726454101315330962021500e0
-0.3747447057331438692139281007326127193723e-1 0.4144335836261520322931525043876867242011e0

