2
0
0
52
2.354544106081899e-01 4.337994508536581e-13
2.058683138466477e-01 -1.477607428982915e-12
6.770927948878313e-12
1.422249408224562e+00
6.788922153200660e-18
5.820766091346741e-12
4.433203287114229e-12
0.000000000000000e+00
1
1
1
128
0.1862125918304570157416416403390140459107e0 0.9764816281319679873774249305229520315946e-1
-0.1072304410728876681730809693508213962077e0 0.3613786682564621638063358547975192172327e0
1.19407236124645e-11
1.622981115831780e+00
1.46895402776984e-39
5.82076609134674e-12
9.52312015145999e-12
2.937500059612344e-01
1
1
6
96
-0.124642330068922686696697051245e0 -0.371513097966741708514009191751e0
0.144842608530756020692836473135e0 -0.131713537528360387234611426312e0
9.34060393872784e-12
2.341530674844094e+00
2.58091332865025e-30
5.82076609134674e-12
7.50665877689139e-12
5.468750054644340e-01
1
1
7
128
-0.6166206538725654678148941045331179846475e-1 -0.4209647971559349726454101315330962021500e0
-0.3747447057331438692139281007326127193723e-1 0.4144335836261520322931525043876867242011e0
8.45675968734133e-12
1.201836540011505e+00
1.56569864294405e-39
5.82076609134674e-12
3.43044893619158e-12
3.781250059612347e-01
1
1
-1

2 0
0 0

-1
-105170472403117827137208408824427729133389860082637984463395029917121390088989254737003577107885417693610524732334304163855114168870759746422052658686689449488555305960249755574718354612608359603948350960508062624051569129955816087139106728433846499613077372364503459734851041661548645645542384148013578332853/1000000000000000000000000000000000000000000000000000000000000000000000000000000000000000000000000000000000000000000000000000000000000000000000000000000000000000000000000000000000000000000000000000000000000000000000000000000000000000000000000000000000000000000000000000000000000000000000000000000000000000000000 -360654161975241301424940239851829920875646059041096705566808621731200737268326039560006376776752749720581076576447020753539067577527008132064627447245200461314089641466931130527505577398391644058355406240728063306517863202640104718195220455819329388241991739722179218110747353486526736743240397252860909936229/500000000000000000000000000000000000000000000000000000000000000000000000000000000000000000000000000000000000000000000000000000000000000000000000000000000000000000000000000000000000000000000000000000000000000000000000000000000000000000000000000000000000000000000000000000000000000000000000000000000000000000000
0 0

0 0

0 0

