9

3.041369100863983e-01 2.081668171172169e-17
2.535413263349994e-01 1.387778780781446e-17

3.041369100863983e-01 2.081668171172169e-17
-1.267706631674997e-01 5.460882741093998e-01

3.041369100863983e-01 2.081668171172169e-17
-1.267706631674997e-01 -5.460882741093998e-01

-1.520684550431991e-01 5.651322367885910e-01
-2.650874736003186e-02 -6.070265188827171e-01

-1.520684550431991e-01 5.651322367885910e-01
-1.616586686674007e-01 3.725111701200548e-01

-1.520684550431991e-01 5.651322367885910e-01
1.881674160274326e-01 2.345153487626621e-01

-1.520684550431992e-01 -5.651322367885913e-01
1.881674160274324e-01 -2.345153487626618e-01

-1.520684550431992e-01 -5.651322367885913e-01
-2.650874736003020e-02 6.070265188827146e-01

-1.520684550431992e-01 -5.651322367885913e-01
-1.616586686674006e-01 -3.725111701200552e-01

